I
800	# Converted by FS2XPlane 3.26
OBJ

# object 0823006ccae94ab3acb16725dc640948 in file KSW.bgl

TEXTURE		KSW_3.png
TEXTURE_LIT	KSW_3_LIT.png
POINT_COUNTS	252 0 0 378

VT	  16.768    0.000   77.024	-0.383  0.000  0.924	0.8438 0.3662
VT	  16.768   29.580   77.024	-0.383  0.000  0.924	0.8438 0.5977
VT	  34.324    0.000   84.292	-0.383  0.000  0.924	0.9736 0.3662
VT	  34.324   29.580   84.292	-0.383  0.000  0.924	0.9736 0.5977
VT	  -1.732    0.000   66.164	-0.924  0.000 -0.383	0.8955 0.1514
VT	 -23.928    0.000  119.752	-0.924  0.000 -0.383	0.4004 0.1514
VT	 -23.928    0.000  119.752	-0.383  0.000  0.924	0.5146 0.0703
VT	  -1.732    7.500   66.164	-0.924  0.000 -0.383	0.8955 0.2266
VT	  -1.732    7.500   66.164	 0.000  1.000 -0.000	0.5029 0.1143
VT	 -23.928    7.500  119.752	-0.924  0.000 -0.383	0.4004 0.2266
VT	 -23.928    7.500  119.752	-0.383  0.000  0.924	0.5146 0.1455
VT	 -23.928    7.500  119.752	 0.000  1.000 -0.000	0.0166 0.1143
VT	  14.900    0.000   73.052	 0.924  0.000  0.383	0.8955 0.1514
VT	  -7.296    0.000  126.640	-0.383  0.000  0.924	0.6924 0.0703
VT	  -7.296    0.000  126.640	 0.924  0.000  0.383	0.4004 0.1514
VT	  14.900    7.500   73.052	 0.000  1.000 -0.000	0.5029 0.0156
VT	  14.900    7.500   73.052	 0.924  0.000  0.383	0.8955 0.2266
VT	  -7.296    7.500  126.640	-0.383  0.000  0.924	0.6924 0.1455
VT	  -7.296    7.500  126.640	 0.000  1.000 -0.000	0.0166 0.0156
VT	  -7.296    7.500  126.640	 0.924  0.000  0.383	0.4004 0.2266
VT	 123.952    0.000   12.496	-0.440  0.000  0.898	0.6953 0.5830
VT	 123.952    0.000   12.496	 0.899  0.000  0.438	0.6611 0.3604
VT	 123.952    3.648   12.496	-0.440  0.000  0.898	0.6953 0.6328
VT	 123.952    3.648   12.496	 0.899  0.000  0.438	0.6611 0.7344
VT	 123.952    3.648   12.496	 0.000  1.000 -0.000	0.6641 0.5654
VT	 123.720    0.000   12.380	-0.440  0.000  0.898	0.6953 0.5830
VT	 123.720    0.000   12.380	-0.899  0.000 -0.438	0.8242 0.3613
VT	 123.720    3.648   12.380	-0.440  0.000  0.898	0.6953 0.6328
VT	 123.720    3.648   12.380	-0.899  0.000 -0.438	0.8242 0.7354
VT	 123.720    3.648   12.380	 0.000  1.000 -0.000	0.6641 0.5801
VT	 124.068    0.000   11.660	-0.899  0.000 -0.438	0.7432 0.3613
VT	 124.068    0.000   11.660	 0.437  0.000 -0.900	0.7061 0.5684
VT	 124.304    0.000   11.776	 0.899  0.000  0.438	0.7412 0.3604
VT	 124.304    0.000   11.776	 0.437  0.000 -0.900	0.6973 0.5684
VT	 124.068    3.648   11.660	-0.899  0.000 -0.438	0.7432 0.7354
VT	 124.068    3.648   11.660	 0.000  1.000 -0.000	0.6963 0.5801
VT	 124.068    3.648   11.660	 0.437  0.000 -0.900	0.7061 0.5928
VT	 124.304    3.648   11.776	 0.899  0.000  0.438	0.7412 0.7344
VT	 124.304    3.648   11.776	 0.000  1.000 -0.000	0.6963 0.5654
VT	 124.304    3.648   11.776	 0.437  0.000 -0.900	0.6973 0.5928
VT	  81.064    0.000    7.356	-0.358  0.000  0.934	0.2852 0.1318
VT	  81.064    0.000    7.356	-0.926  0.000 -0.379	0.3955 0.1250
VT	  81.064    2.000    7.356	-0.358  0.000  0.934	0.2852 0.2227
VT	  81.064    2.000    7.356	 0.000  1.000 -0.000	0.0518 0.2227
VT	  81.064    2.000    7.356	-0.926  0.000 -0.379	0.3955 0.2266
VT	  81.344    0.000    7.460	-0.358  0.000  0.934	0.3096 0.1318
VT	  81.344    0.000    7.460	 0.926  0.000  0.379	0.0166 0.1250
VT	  81.344    2.000    7.460	-0.358  0.000  0.934	0.3096 0.2227
VT	  81.344    2.000    7.460	 0.926  0.000  0.379	0.0166 0.2266
VT	  81.344    2.000    7.460	 0.000  1.000 -0.000	0.0518 0.2031
VT	  85.524    0.000   -3.552	-0.926  0.000 -0.379	0.0166 0.1250
VT	  85.524    0.000   -3.552	 0.358  0.000 -0.934	0.1133 0.1318
VT	  85.804    0.000   -3.444	 0.926  0.000  0.379	0.3955 0.1250
VT	  85.804    0.000   -3.444	 0.358  0.000 -0.934	0.0996 0.1318
VT	  85.524    2.000   -3.552	 0.000  1.000 -0.000	0.2002 0.2227
VT	  85.524    2.000   -3.552	-0.926  0.000 -0.379	0.0166 0.2266
VT	  85.524    2.000   -3.552	 0.358  0.000 -0.934	0.1133 0.2109
VT	  85.804    2.000   -3.444	 0.926  0.000  0.379	0.3955 0.2266
VT	  85.804    2.000   -3.444	 0.000  1.000 -0.000	0.2002 0.2031
VT	  85.804    2.000   -3.444	 0.358  0.000 -0.934	0.0996 0.2109
VT	 107.012   22.676   61.532	-0.407  0.000  0.913	0.0947 0.9258
VT	 107.012   22.676   61.532	 0.917  0.000  0.398	0.4121 0.6084
VT	 107.012   27.816   61.532	-0.407  0.000  0.913	0.0947 0.9727
VT	 107.012   27.816   61.532	 0.917  0.000  0.398	0.4121 0.6543
VT	 105.960   22.676   61.060	-0.407  0.000  0.913	0.0586 0.9258
VT	 105.960   27.816   61.060	-0.407  0.000  0.913	0.0586 0.9727
VT	 118.696   22.676   34.636	 0.917  0.000  0.398	0.6455 0.6084
VT	 118.696   22.676   34.636	 0.407  0.000 -0.913	0.3867 0.9258
VT	 118.696   27.816   34.636	 0.917  0.000  0.398	0.6455 0.6543
VT	 118.696   27.816   34.636	 0.407  0.000 -0.913	0.3867 0.9746
VT	 117.644   22.676   34.164	 0.407  0.000 -0.913	0.4258 0.9258
VT	 117.644   27.816   34.164	 0.407  0.000 -0.913	0.4258 0.9746
VT	 114.028    0.000    8.952	-0.925  0.000 -0.381	0.3096 0.1318
VT	 114.028    0.000    8.952	-0.374  0.000  0.928	0.0166 0.1250
VT	 114.028    2.000    8.952	-0.925  0.000 -0.381	0.3096 0.2227
VT	 114.028    2.000    8.952	 0.000  1.000 -0.000	0.0518 0.2031
VT	 114.028    2.000    8.952	-0.374  0.000  0.928	0.0166 0.2266
VT	 114.144    0.000    8.676	-0.925  0.000 -0.381	0.2852 0.1318
VT	 114.144    0.000    8.676	 0.374  0.000 -0.928	0.3955 0.1250
VT	 114.144    2.000    8.676	-0.925  0.000 -0.381	0.2852 0.2227
VT	 114.144    2.000    8.676	 0.374  0.000 -0.928	0.3955 0.2266
VT	 114.144    2.000    8.676	 0.000  1.000 -0.000	0.0518 0.2227
VT	 121.536    0.000   11.976	-0.374  0.000  0.928	0.3955 0.1250
VT	 121.536    0.000   11.976	 0.925  0.000  0.381	0.0996 0.1318
VT	 121.536    2.000   11.976	 0.000  1.000 -0.000	0.2002 0.2031
VT	 121.536    2.000   11.976	-0.374  0.000  0.928	0.3955 0.2266
VT	 121.536    2.000   11.976	 0.925  0.000  0.381	0.0996 0.2109
VT	 121.652    0.000   11.700	 0.374  0.000 -0.928	0.0166 0.1250
VT	 121.652    0.000   11.700	 0.925  0.000  0.381	0.1133 0.1318
VT	 121.652    2.000   11.700	 0.374  0.000 -0.928	0.0166 0.2266
VT	 121.652    2.000   11.700	 0.000  1.000 -0.000	0.2002 0.2227
VT	 121.652    2.000   11.700	 0.925  0.000  0.381	0.1133 0.2109
VT	  63.080    2.972   46.952	-0.917  0.000 -0.399	0.1357 0.6826
VT	  63.080    2.972   46.952	-0.399  0.000  0.917	0.0029 0.6807
VT	  63.080    8.660   46.952	-0.917  0.000 -0.399	0.1357 0.7861
VT	  63.080    8.660   46.952	-0.399  0.000  0.917	0.0029 0.7871
VT	  65.872    2.972   40.536	-0.917  0.000 -0.399	0.0078 0.6826
VT	  65.872    8.660   40.536	-0.917  0.000 -0.399	0.0078 0.7861
VT	 107.100    2.972   58.492	 0.917  0.000  0.399	0.1377 0.6816
VT	 104.308    2.972   64.912	-0.399  0.000  0.917	0.4746 0.6807
VT	 104.308    2.972   64.912	 0.917  0.000  0.399	0.0068 0.6816
VT	 107.100    8.660   58.492	 0.917  0.000  0.399	0.1377 0.7861
VT	 104.308    8.660   64.912	-0.399  0.000  0.917	0.4746 0.7881
VT	 104.308    8.660   64.912	 0.917  0.000  0.399	0.0068 0.7861
VT	  65.808    0.000   40.688	-0.917  0.000 -0.399	0.6562 0.3623
VT	  65.808    0.000   40.688	-0.399  0.000  0.917	0.0498 0.7051
VT	  65.808   30.000   40.688	-0.917  0.000 -0.399	0.6562 0.6758
VT	  65.808   30.000   40.688	-0.399  0.000  0.917	0.0498 0.9941
VT	  65.808   30.000   40.688	 0.000  1.000 -0.000	0.4424 0.8584
VT	  75.380    0.000   18.680	-0.917  0.000 -0.399	0.4111 0.3623
VT	  75.380    0.000   18.680	 0.399  0.000 -0.917	0.3994 0.3633
VT	  75.380   30.000   18.680	-0.917  0.000 -0.399	0.4121 0.6758
VT	  75.380   30.000   18.680	 0.399  0.000 -0.917	0.3994 0.6768
VT	  75.380   30.000   18.680	 0.000  1.000 -0.000	0.4424 0.9971
VT	 107.076    0.000   58.632	-0.399  0.000  0.917	0.4326 0.7051
VT	 107.076    0.000   58.632	 0.917  0.000  0.399	0.4111 0.3623
VT	 107.076   30.000   58.632	-0.399  0.000  0.917	0.4316 0.9941
VT	 107.076   30.000   58.632	 0.000  1.000 -0.000	0.7451 0.8584
VT	 107.076   30.000   58.632	 0.917  0.000  0.399	0.4111 0.6768
VT	 116.648    0.000   36.624	 0.399  0.000 -0.917	0.0186 0.3633
VT	 116.648    0.000   36.624	 0.917  0.000  0.399	0.6572 0.3623
VT	 116.648   30.000   36.624	 0.399  0.000 -0.917	0.0186 0.6768
VT	 116.648   30.000   36.624	 0.000  1.000 -0.000	0.7451 0.9971
VT	 116.648   30.000   36.624	 0.917  0.000  0.399	0.6572 0.6768
VT	  85.780    0.000   -3.464	-0.916  0.000 -0.401	0.2852 0.1318
VT	  85.780    0.000   -3.464	 0.397  0.000 -0.918	0.3955 0.1250
VT	  85.660    0.000   -3.188	-0.916  0.000 -0.401	0.3096 0.1318
VT	  85.660    0.000   -3.188	-0.397  0.000  0.918	0.0166 0.1250
VT	  85.780    2.000   -3.464	-0.916  0.000 -0.401	0.2852 0.2227
VT	  85.780    2.000   -3.464	 0.397  0.000 -0.918	0.3955 0.2266
VT	  85.780    2.000   -3.464	 0.000  1.000 -0.000	0.0518 0.2227
VT	  85.660    2.000   -3.188	-0.916  0.000 -0.401	0.3096 0.2227
VT	  85.660    2.000   -3.188	 0.000  1.000 -0.000	0.0518 0.2031
VT	  85.660    2.000   -3.188	-0.397  0.000  0.918	0.0166 0.2266
VT	  95.884    0.000    0.908	 0.397  0.000 -0.918	0.0166 0.1250
VT	  95.884    0.000    0.908	 0.917  0.000  0.398	0.1133 0.1318
VT	  95.764    0.000    1.184	-0.397  0.000  0.918	0.3955 0.1250
VT	  95.764    0.000    1.184	 0.917  0.000  0.398	0.0996 0.1318
VT	  95.884    2.000    0.908	 0.397  0.000 -0.918	0.0166 0.2266
VT	  95.884    2.000    0.908	 0.000  1.000 -0.000	0.2002 0.2227
VT	  95.884    2.000    0.908	 0.917  0.000  0.398	0.1133 0.2109
VT	  95.764    2.000    1.184	 0.000  1.000 -0.000	0.2002 0.2031
VT	  95.764    2.000    1.184	-0.397  0.000  0.918	0.3955 0.2266
VT	  95.764    2.000    1.184	 0.917  0.000  0.398	0.0996 0.2109
VT	  77.080    0.000   16.512	-0.397  0.000  0.918	0.2852 0.1318
VT	  77.080    0.000   16.512	-0.917  0.000 -0.399	0.3955 0.1250
VT	  77.356    0.000   16.632	-0.397  0.000  0.918	0.3096 0.1318
VT	  77.356    0.000   16.632	 0.917  0.000  0.399	0.0166 0.1250
VT	  77.080    2.000   16.512	-0.397  0.000  0.918	0.2852 0.2227
VT	  77.080    2.000   16.512	-0.917  0.000 -0.399	0.3955 0.2266
VT	  77.080    2.000   16.512	 0.000  1.000 -0.000	0.0518 0.2227
VT	  77.356    2.000   16.632	-0.397  0.000  0.918	0.3096 0.2227
VT	  77.356    2.000   16.632	 0.917  0.000  0.399	0.0166 0.2266
VT	  77.356    2.000   16.632	 0.000  1.000 -0.000	0.0518 0.2031
VT	  81.068    0.000    7.340	-0.917  0.000 -0.399	0.0166 0.1250
VT	  81.068    0.000    7.340	 0.397  0.000 -0.918	0.1133 0.1318
VT	  81.344    0.000    7.460	 0.917  0.000  0.399	0.3955 0.1250
VT	  81.344    0.000    7.460	 0.397  0.000 -0.918	0.0996 0.1318
VT	  81.068    2.000    7.340	-0.917  0.000 -0.399	0.0166 0.2266
VT	  81.068    2.000    7.340	 0.000  1.000 -0.000	0.2002 0.2227
VT	  81.068    2.000    7.340	 0.397  0.000 -0.918	0.1133 0.2109
VT	  81.344    2.000    7.460	 0.917  0.000  0.399	0.3955 0.2266
VT	  81.344    2.000    7.460	 0.000  1.000 -0.000	0.2002 0.2031
VT	  81.344    2.000    7.460	 0.397  0.000 -0.918	0.0996 0.2109
VT	 118.700   22.676   34.596	 0.917  0.000  0.400	0.0947 0.9258
VT	 118.700   22.676   34.596	 0.400  0.000 -0.916	0.0488 0.9258
VT	 118.700   27.816   34.596	 0.917  0.000  0.400	0.0947 0.9727
VT	 118.700   27.816   34.596	 0.400  0.000 -0.916	0.0488 0.9717
VT	 117.624   22.676   37.064	 0.917  0.000  0.400	0.0586 0.9258
VT	 117.624   27.816   37.064	 0.917  0.000  0.400	0.0586 0.9727
VT	  75.504   22.676   15.732	 0.400  0.000 -0.916	0.4375 0.9258
VT	  75.504   22.676   15.732	-0.917  0.000 -0.400	0.3867 0.9258
VT	  75.504   27.816   15.732	 0.400  0.000 -0.916	0.4375 0.9717
VT	  75.504   27.816   15.732	-0.917  0.000 -0.400	0.3867 0.9746
VT	  74.428   22.676   18.200	-0.917  0.000 -0.400	0.4258 0.9258
VT	  74.428   27.816   18.200	-0.917  0.000 -0.400	0.4258 0.9746
VT	  63.740   22.676   42.696	-0.917  0.000 -0.400	0.0947 0.9258
VT	  63.740   22.676   42.696	-0.400  0.000  0.916	0.0488 0.9258
VT	  63.740   27.816   42.696	-0.917  0.000 -0.400	0.0947 0.9727
VT	  63.740   27.816   42.696	-0.400  0.000  0.916	0.0488 0.9717
VT	  64.816   22.676   40.228	-0.917  0.000 -0.400	0.0586 0.9258
VT	  64.816   27.816   40.228	-0.917  0.000 -0.400	0.0586 0.9727
VT	 106.936   22.676   61.552	-0.400  0.000  0.916	0.4375 0.9258
VT	 106.936   22.676   61.552	 0.917  0.000  0.400	0.3867 0.9258
VT	 106.936   27.816   61.552	-0.400  0.000  0.916	0.4375 0.9717
VT	 106.936   27.816   61.552	 0.917  0.000  0.400	0.3867 0.9746
VT	 108.012   22.676   59.084	 0.917  0.000  0.400	0.4258 0.9258
VT	 108.012   27.816   59.084	 0.917  0.000  0.400	0.4258 0.9746
VT	  95.848    0.000    0.884	-0.917  0.000 -0.398	0.2852 0.1318
VT	  95.848    0.000    0.884	 0.399  0.000 -0.917	0.3955 0.1250
VT	  95.728    0.000    1.160	-0.917  0.000 -0.398	0.3096 0.1318
VT	  95.728    0.000    1.160	-0.399  0.000  0.917	0.0166 0.1250
VT	  95.848    2.000    0.884	-0.917  0.000 -0.398	0.2852 0.2227
VT	  95.848    2.000    0.884	 0.399  0.000 -0.917	0.3955 0.2266
VT	  95.848    2.000    0.884	 0.000  1.000 -0.000	0.0518 0.2227
VT	  95.728    2.000    1.160	-0.917  0.000 -0.398	0.3096 0.2227
VT	  95.728    2.000    1.160	-0.399  0.000  0.917	0.0166 0.2266
VT	  95.728    2.000    1.160	 0.000  1.000 -0.000	0.0518 0.2031
VT	 105.016    0.000    4.872	 0.399  0.000 -0.917	0.0166 0.1250
VT	 105.016    0.000    4.872	 0.918  0.000  0.397	0.1133 0.1318
VT	 105.016    2.000    4.872	 0.399  0.000 -0.917	0.0166 0.2266
VT	 105.016    2.000    4.872	 0.000  1.000 -0.000	0.2002 0.2227
VT	 105.016    2.000    4.872	 0.918  0.000  0.397	0.1133 0.2109
VT	 104.900    0.000    5.148	-0.399  0.000  0.917	0.3955 0.1250
VT	 104.900    0.000    5.148	 0.918  0.000  0.397	0.0996 0.1318
VT	 104.900    2.000    5.148	-0.399  0.000  0.917	0.3955 0.2266
VT	 104.900    2.000    5.148	 0.000  1.000 -0.000	0.2002 0.2031
VT	 104.900    2.000    5.148	 0.918  0.000  0.397	0.0996 0.2109
VT	 104.988    0.000    4.864	-0.923  0.000 -0.384	0.2852 0.1318
VT	 104.988    0.000    4.864	 0.383  0.000 -0.924	0.3955 0.1250
VT	 104.872    0.000    5.144	-0.923  0.000 -0.384	0.3096 0.1318
VT	 104.872    0.000    5.144	-0.383  0.000  0.924	0.0166 0.1250
VT	 104.988    2.000    4.864	-0.923  0.000 -0.384	0.2852 0.2227
VT	 104.988    2.000    4.864	 0.383  0.000 -0.924	0.3955 0.2266
VT	 104.988    2.000    4.864	 0.000  1.000 -0.000	0.0518 0.2227
VT	 104.872    2.000    5.144	-0.923  0.000 -0.384	0.3096 0.2227
VT	 104.872    2.000    5.144	-0.383  0.000  0.924	0.0166 0.2266
VT	 104.872    2.000    5.144	 0.000  1.000 -0.000	0.0518 0.2031
VT	 114.112    0.000    8.968	-0.383  0.000  0.924	0.3955 0.1250
VT	 114.112    0.000    8.968	 0.925  0.000  0.381	0.0996 0.1318
VT	 114.112    2.000    8.968	-0.383  0.000  0.924	0.3955 0.2266
VT	 114.112    2.000    8.968	 0.000  1.000 -0.000	0.2002 0.2031
VT	 114.112    2.000    8.968	 0.925  0.000  0.381	0.0996 0.2109
VT	 114.228    0.000    8.692	 0.383  0.000 -0.924	0.0166 0.1250
VT	 114.228    0.000    8.692	 0.925  0.000  0.381	0.1133 0.1318
VT	 114.228    2.000    8.692	 0.383  0.000 -0.924	0.0166 0.2266
VT	 114.228    2.000    8.692	 0.000  1.000 -0.000	0.2002 0.2227
VT	 114.228    2.000    8.692	 0.925  0.000  0.381	0.1133 0.2109
VT	  75.416   22.676   15.772	 0.407  0.000 -0.913	0.0947 0.9258
VT	  75.416   22.676   15.772	-0.917  0.000 -0.398	0.4121 0.6084
VT	  75.416   27.816   15.772	 0.407  0.000 -0.913	0.0947 0.9727
VT	  75.416   27.816   15.772	-0.917  0.000 -0.398	0.4121 0.6543
VT	  76.468   22.676   16.240	 0.407  0.000 -0.913	0.0586 0.9258
VT	  76.468   27.816   16.240	 0.407  0.000 -0.913	0.0586 0.9727
VT	  63.744   22.676   42.652	-0.917  0.000 -0.398	0.6455 0.6084
VT	  63.744   22.676   42.652	-0.407  0.000  0.914	0.3867 0.9258
VT	  63.744   27.816   42.652	-0.917  0.000 -0.398	0.6455 0.6543
VT	  63.744   27.816   42.652	-0.407  0.000  0.914	0.3867 0.9746
VT	  64.800   22.676   43.124	-0.407  0.000  0.914	0.4258 0.9258
VT	  64.800   27.816   43.124	-0.407  0.000  0.914	0.4258 0.9746
VT	 -32.232    0.000   56.756	-0.383  0.000  0.924	0.8438 0.3662
VT	 -32.232   29.580   56.756	-0.383  0.000  0.924	0.8438 0.5977
VT	 -14.680    0.000   64.028	-0.383  0.000  0.924	0.9736 0.3662
VT	 -14.680   29.580   64.028	-0.383  0.000  0.924	0.9736 0.5977
VT	 108.876    3.972   22.424	-0.401  0.000  0.916	0.9795 0.2559
VT	 108.876    3.972   22.424	 0.401  0.000 -0.916	0.9795 0.2559
VT	 108.876    4.804   22.424	-0.401  0.000  0.916	0.9795 0.3516
VT	 108.876    4.804   22.424	 0.401  0.000 -0.916	0.9795 0.3516
VT	 116.608    3.972   25.800	-0.401  0.000  0.916	0.0273 0.2559
VT	 116.608    3.972   25.800	 0.401  0.000 -0.916	0.0273 0.2559
VT	 116.608    4.804   25.800	-0.401  0.000  0.916	0.0273 0.3516
VT	 116.608    4.804   25.800	 0.401  0.000 -0.916	0.0273 0.3516

IDX10	0 1 2 1 3 2 8 15 11 15
IDX10	18 11 19 16 14 16 12 14 7 9
IDX10	4 9 5 4 6 10 13 10 17 13
IDX10	29 35 24 35 38 24 39 36 33 36
IDX10	31 33 27 22 25 22 20 25 30 34
IDX10	26 34 28 26 21 23 32 23 37 32
IDX10	48 57 52 46 48 52 55 44 41 50
IDX10	55 41 47 45 40 42 47 40 56 51
IDX10	53 59 56 53 54 58 49 43 54 49
IDX10	63 68 66 61 63 66 62 60 64 65
IDX10	62 64 71 70 67 69 71 67 76 85
IDX10	82 73 76 82 89 80 78 87 89 78
IDX10	74 72 77 79 74 77 91 88 83 86
IDX10	91 83 90 84 75 81 90 75 101 98
IDX10	100 95 102 99 93 95 99 94 92 96
IDX10	103 101 100 97 94 96 107 116 114 105
IDX10	107 114 121 112 110 119 121 110 106 104
IDX10	109 111 106 109 123 120 115 118 123 115
IDX10	122 117 108 113 122 108 133 142 136 127
IDX10	133 136 138 129 125 134 138 125 131 126
IDX10	124 128 131 124 140 135 137 143 140 137
IDX10	139 141 132 130 139 132 152 161 156 147
IDX10	152 156 158 149 145 154 158 145 151 146
IDX10	144 148 151 144 160 155 157 163 160 157
IDX10	159 162 153 150 159 153 167 172 170 165
IDX10	167 170 166 164 168 169 166 168 175 174
IDX10	171 173 175 171 179 184 182 177 179 182
IDX10	178 176 180 181 178 180 187 186 183 185
IDX10	187 183 196 205 203 191 196 203 200 193
IDX10	189 198 200 189 195 190 188 192 195 188
IDX10	202 199 204 207 202 204 201 206 197 194
IDX10	201 197 216 220 218 211 216 218 225 213
IDX10	209 223 225 209 215 210 208 212 215 208
IDX10	227 224 219 222 227 219 226 221 217 214
IDX10	226 217 231 236 234 229 231 234 230 228
IDX10	232 233 230 232 239 238 235 237 239 235
IDX10	240 241 242 241 243 242 247 245 249 251
IDX	247
IDX	249
IDX	244
IDX	246
IDX	250
IDX	248
IDX	244
IDX	250

ATTR_no_blend

TRIS	0 378
