I
800	# Converted by FS2XPlane 3.26
OBJ

# object 1ed8f38871a64cd180d728e8cdea9511 in file BUELSP_mitFW.bgl

TEXTURE		BUELI4.dds
TEXTURE_LIT	BUELI4_LIT.dds
POINT_COUNTS	172 0 0 258

VT	 -27.760    0.000   61.240	-0.973  0.000 -0.231	0.2754 0.2402
VT	 -27.760    0.000   61.240	 0.233  0.000 -0.972	0.9531 0.7715
VT	 -27.760    8.000   61.240	-0.973  0.000 -0.231	0.2754 0.4775
VT	 -27.760    8.000   61.240	 0.233  0.000 -0.972	0.9531 0.9961
VT	 -27.760    8.000   61.240	 0.000  1.000 -0.000	0.0059 0.2266
VT	 -30.804    0.000   74.068	-0.973  0.000 -0.231	0.5977 0.2402
VT	 -30.804    0.000   74.068	-0.233  0.000  0.972	0.0029 0.5352
VT	 -30.804    8.000   74.068	-0.973  0.000 -0.231	0.5977 0.4775
VT	 -30.804    8.000   74.068	-0.233  0.000  0.972	0.0029 0.7363
VT	 -30.804    8.000   74.068	 0.000  1.000 -0.000	0.0059 0.0928
VT	  23.776    0.000   73.612	 0.233  0.000 -0.972	0.0029 0.7715
VT	  23.776    0.000   73.612	 0.973  0.000  0.231	0.9180 0.7715
VT	  23.776    8.000   73.612	 0.233  0.000 -0.972	0.0029 0.9961
VT	  23.776    8.000   73.612	 0.000  1.000 -0.000	0.5518 0.2266
VT	  23.776    8.000   73.612	 0.973  0.000  0.231	0.9180 0.9961
VT	  20.732    0.000   86.440	-0.233  0.000  0.972	0.9893 0.5352
VT	  20.732    0.000   86.440	 0.973  0.000  0.231	0.7510 0.7715
VT	  20.732    8.000   86.440	-0.233  0.000  0.972	0.9893 0.7363
VT	  20.732    8.000   86.440	 0.000  1.000 -0.000	0.5518 0.0928
VT	  20.732    8.000   86.440	 0.973  0.000  0.231	0.7510 0.9961
VT	 130.716    0.000  -50.156	-0.985  0.000  0.174	0.6201 0.1289
VT	 130.716   18.000  -50.156	-0.985  0.000  0.174	0.6201 0.5273
VT	 130.716   18.000  -50.156	 0.000  1.000 -0.000	0.8418 0.5312
VT	 133.148    0.000  -36.372	-0.985  0.000  0.174	0.8359 0.1289
VT	 133.148   18.000  -36.372	-0.985  0.000  0.174	0.8359 0.5273
VT	 133.148   18.000  -36.372	 0.000  1.000 -0.000	0.8418 0.4521
VT	 152.844    0.000  -39.844	 0.985  0.000 -0.174	0.8359 0.1289
VT	 152.844   18.000  -39.844	 0.000  1.000 -0.000	0.9912 0.4521
VT	 152.844   18.000  -39.844	 0.985  0.000 -0.174	0.8359 0.5273
VT	 150.416    0.000  -53.632	 0.985  0.000 -0.174	0.6201 0.1289
VT	 150.416   18.000  -53.632	 0.000  1.000 -0.000	0.9912 0.5312
VT	 150.416   18.000  -53.632	 0.985  0.000 -0.174	0.6201 0.5273
VT	   0.732    2.384   46.776	 0.000 -1.000 -0.000	0.9746 0.2031
VT	   0.732    2.532   46.776	 0.000  1.000 -0.000	0.8525 0.2031
VT	   2.416    2.384   40.588	 0.000 -1.000 -0.000	0.9746 0.4385
VT	   2.416    2.532   40.588	 0.000  1.000 -0.000	0.8525 0.4395
VT	   5.080    2.384   47.940	 0.000 -1.000 -0.000	0.8525 0.2031
VT	   5.080    2.532   47.940	 0.000  1.000 -0.000	0.9746 0.2031
VT	   6.764    2.384   41.752	 0.000 -1.000 -0.000	0.8525 0.4385
VT	   6.764    2.532   41.752	 0.000  1.000 -0.000	0.9746 0.4395
VT	  -6.416    8.156   76.004	-0.972  0.000 -0.233	0.2510 0.7344
VT	  -6.416    8.856   76.004	-0.972  0.000 -0.233	0.2510 0.7393
VT	  -6.416    8.856   76.004	 0.000  1.000 -0.000	0.3203 0.1465
VT	  -7.208    8.156   79.312	-0.972  0.000 -0.233	0.2949 0.7344
VT	  -7.208    8.156   79.312	-0.233  0.000  0.972	0.3291 0.7451
VT	  -7.208    8.856   79.312	-0.972  0.000 -0.233	0.2949 0.7393
VT	  -7.208    8.856   79.312	-0.233  0.000  0.972	0.3291 0.7588
VT	  -7.208    8.856   79.312	 0.000  1.000 -0.000	0.3203 0.1260
VT	  -5.848    8.156   79.640	-0.233  0.000  0.972	0.3506 0.7451
VT	  -5.848    8.156   79.640	 0.972  0.000  0.234	0.2090 0.7334
VT	  -5.848    8.856   79.640	-0.233  0.000  0.972	0.3506 0.7588
VT	  -5.848    8.856   79.640	 0.000  1.000 -0.000	0.3271 0.1260
VT	  -5.848    8.856   79.640	 0.972  0.000  0.234	0.2090 0.7402
VT	  -5.052    8.156   76.332	 0.972  0.000  0.234	0.2803 0.7334
VT	  -5.052    8.856   76.332	 0.000  1.000 -0.000	0.3271 0.1465
VT	  -5.052    8.856   76.332	 0.972  0.000  0.234	0.2803 0.7402
VT	 -13.004    8.156   74.412	-0.972  0.000 -0.234	0.2510 0.7344
VT	 -13.004    8.856   74.412	-0.972  0.000 -0.234	0.2510 0.7393
VT	 -13.004    8.856   74.412	 0.000  1.000 -0.000	0.3203 0.1465
VT	 -13.796    8.156   77.720	-0.972  0.000 -0.234	0.2949 0.7344
VT	 -13.796    8.156   77.720	-0.234  0.000  0.972	0.3291 0.7451
VT	 -13.796    8.856   77.720	-0.972  0.000 -0.234	0.2949 0.7393
VT	 -13.796    8.856   77.720	-0.234  0.000  0.972	0.3291 0.7588
VT	 -13.796    8.856   77.720	 0.000  1.000 -0.000	0.3203 0.1260
VT	 -11.644    8.156   74.740	 0.972  0.000  0.233	0.2803 0.7334
VT	 -11.644    8.856   74.740	 0.000  1.000 -0.000	0.3271 0.1465
VT	 -11.644    8.856   74.740	 0.972  0.000  0.233	0.2803 0.7402
VT	 -12.436    8.156   78.044	-0.234  0.000  0.972	0.3506 0.7451
VT	 -12.436    8.156   78.044	 0.972  0.000  0.233	0.2090 0.7334
VT	 -12.436    8.856   78.044	-0.234  0.000  0.972	0.3506 0.7588
VT	 -12.436    8.856   78.044	 0.000  1.000 -0.000	0.3271 0.1260
VT	 -12.436    8.856   78.044	 0.972  0.000  0.233	0.2090 0.7402
VT	   2.112   11.036   22.316	 0.000  1.000 -0.000	0.5605 0.0918
VT	  -1.644   11.036   36.836	 0.000  1.000 -0.000	0.5605 0.0029
VT	  73.756   11.036   40.844	 0.000  1.000 -0.000	0.9922 0.0918
VT	  70.000   11.036   55.364	 0.000  1.000 -0.000	0.9922 0.0029
VT	  -9.608    8.156   75.180	-0.972  0.000 -0.234	0.2510 0.7344
VT	  -9.608    8.856   75.180	-0.972  0.000 -0.234	0.2510 0.7393
VT	  -9.608    8.856   75.180	 0.000  1.000 -0.000	0.3203 0.1465
VT	 -10.400    8.156   78.488	-0.972  0.000 -0.234	0.2949 0.7344
VT	 -10.400    8.156   78.488	-0.234  0.000  0.972	0.3291 0.7451
VT	 -10.400    8.856   78.488	-0.972  0.000 -0.234	0.2949 0.7393
VT	 -10.400    8.856   78.488	-0.234  0.000  0.972	0.3291 0.7588
VT	 -10.400    8.856   78.488	 0.000  1.000 -0.000	0.3203 0.1260
VT	  -8.248    8.156   75.508	 0.972  0.000  0.234	0.2803 0.7334
VT	  -8.248    8.856   75.508	 0.000  1.000 -0.000	0.3271 0.1465
VT	  -8.248    8.856   75.508	 0.972  0.000  0.234	0.2803 0.7402
VT	  -9.040    8.156   78.812	-0.234  0.000  0.972	0.3506 0.7451
VT	  -9.040    8.156   78.812	 0.972  0.000  0.234	0.2090 0.7334
VT	  -9.040    8.856   78.812	-0.234  0.000  0.972	0.3506 0.7588
VT	  -9.040    8.856   78.812	 0.000  1.000 -0.000	0.3271 0.1260
VT	  -9.040    8.856   78.812	 0.972  0.000  0.234	0.2090 0.7402
VT	 -13.976    8.192   59.264	-0.251  0.000  0.968	0.2051 0.7334
VT	 -13.976    8.192   59.264	 0.968  0.000  0.251	0.0488 0.4844
VT	 -13.976    8.892   59.264	-0.251  0.000  0.968	0.2051 0.7402
VT	 -13.976    8.892   59.264	 0.968  0.000  0.251	0.0488 0.5137
VT	 -13.976    8.892   59.264	 0.000  1.000 -0.000	0.2949 0.1182
VT	 -17.264    8.192   58.412	-0.251  0.000  0.968	0.1475 0.7334
VT	 -17.264    8.892   58.412	-0.251  0.000  0.968	0.1475 0.7402
VT	 -17.264    8.892   58.412	 0.000  1.000 -0.000	0.2949 0.1543
VT	 -16.388    8.192   55.024	 0.250  0.000 -0.968	0.2275 0.7334
VT	 -13.096    8.192   55.876	 0.968  0.000  0.251	0.1436 0.4844
VT	 -13.096    8.192   55.876	 0.250  0.000 -0.968	0.1426 0.7334
VT	 -16.388    8.892   55.024	 0.000  1.000 -0.000	0.3350 0.1543
VT	 -16.388    8.892   55.024	 0.250  0.000 -0.968	0.2275 0.7393
VT	 -13.096    8.892   55.876	 0.968  0.000  0.251	0.1436 0.5137
VT	 -13.096    8.892   55.876	 0.000  1.000 -0.000	0.3350 0.1182
VT	 -13.096    8.892   55.876	 0.250  0.000 -0.968	0.1426 0.7393
VT	  19.688   11.036   26.864	 0.000  1.000 -0.000	0.6650 0.0850
VT	  20.316   11.036   24.444	 0.000  1.000 -0.000	0.6650 0.1025
VT	  74.380   11.036   38.428	 0.000  1.000 -0.000	0.9922 0.1025
VT	  73.756   11.036   40.848	 0.000  1.000 -0.000	0.9922 0.0850
VT	 139.804   17.992  -47.776	-0.983  0.000  0.182	0.4805 0.4893
VT	 139.804   17.992  -47.776	-0.182  0.000 -0.983	0.5254 0.4893
VT	 140.532   17.992  -43.844	-0.983  0.000  0.182	0.5703 0.4893
VT	 140.532   17.992  -43.844	 0.182  0.000  0.983	0.4805 0.4893
VT	 139.804   19.856  -47.776	-0.983  0.000  0.182	0.4805 0.5215
VT	 139.804   19.856  -47.776	-0.182  0.000 -0.983	0.5254 0.5215
VT	 139.804   19.856  -47.776	 0.000  1.000 -0.000	0.9102 0.5146
VT	 140.532   19.856  -43.844	-0.983  0.000  0.182	0.5703 0.5215
VT	 140.532   19.856  -43.844	 0.182  0.000  0.983	0.4805 0.5215
VT	 140.532   19.856  -43.844	 0.000  1.000 -0.000	0.9102 0.4854
VT	 143.736   17.992  -48.504	-0.182  0.000 -0.983	0.5049 0.4893
VT	 143.736   17.992  -48.504	 0.983  0.000 -0.182	0.5225 0.4893
VT	 144.464   17.992  -44.572	 0.182  0.000  0.983	0.5703 0.4893
VT	 144.464   17.992  -44.572	 0.983  0.000 -0.182	0.5020 0.4893
VT	 143.736   19.856  -48.504	-0.182  0.000 -0.983	0.5049 0.5215
VT	 143.736   19.856  -48.504	 0.000  1.000 -0.000	0.9404 0.5146
VT	 143.736   19.856  -48.504	 0.983  0.000 -0.182	0.5225 0.5215
VT	 144.464   19.856  -44.572	 0.182  0.000  0.983	0.5703 0.5215
VT	 144.464   19.856  -44.572	 0.000  1.000 -0.000	0.9404 0.4854
VT	 144.464   19.856  -44.572	 0.983  0.000 -0.182	0.5020 0.5215
VT	 -16.884    8.156   76.976	-0.972  0.000 -0.234	0.2949 0.7344
VT	 -16.884    8.156   76.976	-0.234  0.000  0.972	0.3291 0.7451
VT	 -16.884    8.856   76.976	-0.972  0.000 -0.234	0.2949 0.7393
VT	 -16.884    8.856   76.976	-0.234  0.000  0.972	0.3291 0.7588
VT	 -16.884    8.856   76.976	 0.000  1.000 -0.000	0.3203 0.1260
VT	 -16.088    8.156   73.672	-0.972  0.000 -0.234	0.2510 0.7344
VT	 -16.088    8.856   73.672	-0.972  0.000 -0.234	0.2510 0.7393
VT	 -16.088    8.856   73.672	 0.000  1.000 -0.000	0.3203 0.1465
VT	 -15.524    8.156   77.304	-0.234  0.000  0.972	0.3506 0.7451
VT	 -15.524    8.156   77.304	 0.972  0.000  0.234	0.2090 0.7334
VT	 -15.524    8.856   77.304	-0.234  0.000  0.972	0.3506 0.7588
VT	 -15.524    8.856   77.304	 0.000  1.000 -0.000	0.3271 0.1260
VT	 -15.524    8.856   77.304	 0.972  0.000  0.234	0.2090 0.7402
VT	 -14.728    8.156   74.000	 0.972  0.000  0.234	0.2803 0.7334
VT	 -14.728    8.856   74.000	 0.000  1.000 -0.000	0.3271 0.1465
VT	 -14.728    8.856   74.000	 0.972  0.000  0.234	0.2803 0.7402
VT	 -27.760    0.000   61.240	-0.972  0.000 -0.233	0.2754 0.2393
VT	 -27.760    8.000   61.240	-0.972  0.000 -0.233	0.2754 0.4775
VT	 -15.120    0.000   64.272	 0.972  0.000  0.233	0.4795 0.7725
VT	 -15.120    8.000   64.272	 0.972  0.000  0.233	0.4795 0.9961
VT	 -12.784    0.000   54.548	 0.972  0.000  0.233	0.6934 0.7725
VT	 -12.784    8.000   54.548	 0.972  0.000  0.233	0.6934 0.9951
VT	 -25.364    0.000   51.232	-0.972  0.000 -0.233	0.0049 0.2393
VT	 -25.364    8.000   51.232	-0.972  0.000 -0.233	0.0049 0.4775
VT	 -22.184    8.192   53.632	 0.250  0.000 -0.968	0.1475 0.7334
VT	 -25.476    8.192   52.780	 0.250  0.000 -0.968	0.2051 0.7334
VT	 -25.476    8.192   52.780	-0.968  0.000 -0.251	0.0488 0.4844
VT	 -22.184    8.892   53.632	 0.250  0.000 -0.968	0.1475 0.7402
VT	 -22.184    8.892   53.632	 0.000  1.000 -0.000	0.2949 0.1543
VT	 -25.476    8.892   52.780	 0.250  0.000 -0.968	0.2051 0.7402
VT	 -25.476    8.892   52.780	-0.968  0.000 -0.251	0.0488 0.5137
VT	 -25.476    8.892   52.780	 0.000  1.000 -0.000	0.2949 0.1182
VT	 -23.064    8.192   57.020	-0.250  0.000  0.968	0.2275 0.7334
VT	 -26.356    8.192   56.168	-0.968  0.000 -0.251	0.1436 0.4844
VT	 -26.356    8.192   56.168	-0.250  0.000  0.968	0.1426 0.7334
VT	 -23.064    8.892   57.020	 0.000  1.000 -0.000	0.3350 0.1543
VT	 -23.064    8.892   57.020	-0.250  0.000  0.968	0.2275 0.7393
VT	 -26.356    8.892   56.168	-0.968  0.000 -0.251	0.1436 0.5137
VT	 -26.356    8.892   56.168	 0.000  1.000 -0.000	0.3350 0.1182
VT	 -26.356    8.892   56.168	-0.250  0.000  0.968	0.1426 0.7393

IDX10	8 17 15 6 8 15 12 3 1 10
IDX10	12 1 7 5 0 2 7 0 14 11
IDX10	16 19 14 16 13 18 9 4 13 9
IDX10	22 30 25 30 27 25 28 31 26 31
IDX10	29 26 21 24 20 24 23 20 36 38
IDX10	34 35 39 33 39 37 33 32 36 34
IDX10	46 50 48 44 46 48 45 43 40 41
IDX10	45 40 55 53 49 52 55 49 54 51
IDX10	47 42 54 47 62 69 67 60 62 67
IDX10	61 59 56 57 61 56 66 64 68 71
IDX10	66 68 65 70 63 58 65 63 72 74
IDX10	73 74 75 73 82 89 87 80 82 87
IDX10	81 79 76 77 81 76 86 84 88 91
IDX10	86 88 85 90 83 78 85 83 95 105
IDX10	101 93 95 101 94 92 97 98 94 97
IDX10	104 100 102 107 104 102 103 106 96 99
IDX10	103 96 109 110 108 110 111 108 127 130
IDX10	121 131 128 125 128 123 125 116 119 112
IDX10	119 114 112 122 126 113 118 127 121 126
IDX10	117 113 115 120 124 120 129 124 135 142
IDX10	140 133 135 140 134 132 137 138 134 137
IDX10	147 145 141 144 147 141 146 143 136 139
IDX10	146 136 151 153 152 150 151 152 155 149
IDX10	148 154 155 148 162 169 165 158 162 165
IDX10	161 157 156 159 161 156 168 164 166 171
IDX	168
IDX	166
IDX	167
IDX	170
IDX	163
IDX	160
IDX	167
IDX	163

ATTR_no_blend

TRIS	0 258
