I
800	# Converted by FS2XPlane 3.26
OBJ

# object 0823006ccae94ab3acb16725dc640948 in file KSW.bgl

TEXTURE		KSW_2.png
TEXTURE_LIT	KSW_2_LIT.png
POINT_COUNTS	276 0 0 420

VT	  63.728    0.004   92.144	-0.924  0.000 -0.383	0.9913 0.3741
VT	  63.728    0.004   92.144	-0.392  0.000  0.920	0.9561 0.3712
VT	  63.728    0.004   92.144	-0.061  0.988  0.143	0.9561 0.3712
VT	  71.000    0.000   74.592	-0.924  0.000 -0.383	0.9590 0.3740
VT	  71.000    0.000   74.592	 0.392  0.000 -0.920	0.9932 0.3730
VT	  71.000    3.000   74.592	-0.924  0.000 -0.383	0.9590 0.4249
VT	  71.000    3.000   74.592	-0.061  0.988  0.143	0.9561 0.4346
VT	  71.000    3.000   74.592	 0.392  0.000 -0.920	0.9932 0.4327
VT	  68.228    0.000   94.060	-0.392  0.000  0.920	0.9913 0.3711
VT	  68.228    0.000   94.060	-0.061  0.988  0.143	0.9913 0.3711
VT	  68.228    0.000   94.060	 0.924  0.000  0.383	0.9590 0.3732
VT	  75.500    0.000   76.508	 0.392  0.000 -0.920	0.9932 0.3730
VT	  75.500    0.000   76.508	 0.924  0.000  0.383	0.9932 0.3730
VT	  75.500    3.000   76.508	-0.061  0.988  0.143	0.9913 0.4346
VT	  75.500    3.000   76.508	 0.392  0.000 -0.920	0.9932 0.4327
VT	  75.500    3.000   76.508	 0.924  0.000  0.383	0.9932 0.4327
VT	  68.352    0.128   98.768	-0.019  0.999  0.044	0.5088 0.2617
VT	  70.072    0.332   94.864	-0.019  0.999  0.044	0.5088 0.2744
VT	 122.368    0.128  121.832	-0.019  0.999  0.044	0.8613 0.2617
VT	 124.084    0.332  117.932	-0.019  0.999  0.044	0.8613 0.2744
VT	 186.328    0.000   97.112	-0.914  0.000 -0.407	0.8066 0.4365
VT	 186.328    0.000   97.112	 0.407  0.000 -0.914	0.9951 0.7832
VT	 186.328    7.500   97.112	-0.914  0.000 -0.407	0.8066 0.5391
VT	 186.328    7.500   97.112	 0.407  0.000 -0.914	0.9951 0.8818
VT	 176.568    0.000  119.036	-0.914  0.000 -0.407	0.9893 0.4365
VT	 176.568    0.000  119.036	-0.407  0.000  0.914	0.8662 0.7842
VT	 176.568    7.500  119.036	-0.914  0.000 -0.407	0.9893 0.5391
VT	 176.568    7.500  119.036	-0.407  0.000  0.914	0.8662 0.8818
VT	 200.032    0.000  103.212	 0.407  0.000 -0.914	0.8662 0.7832
VT	 200.032    0.000  103.212	 0.914  0.000  0.407	0.9902 0.4365
VT	 200.032    7.500  103.212	 0.407  0.000 -0.914	0.8662 0.8818
VT	 200.032    7.500  103.212	 0.914  0.000  0.407	0.9902 0.5391
VT	 190.272    0.000  125.136	-0.407  0.000  0.914	0.9951 0.7842
VT	 190.272    0.000  125.136	 0.914  0.000  0.407	0.8066 0.4365
VT	 190.272    7.500  125.136	-0.407  0.000  0.914	0.9951 0.8818
VT	 190.272    7.500  125.136	 0.914  0.000  0.407	0.8066 0.5391
VT	 134.820    0.000  115.372	-0.391  0.000  0.921	0.3379 0.3486
VT	 134.820    0.000  115.372	 0.921  0.000  0.391	0.3418 0.3447
VT	 134.820   55.000  115.372	-0.391  0.000  0.921	0.3379 0.9971
VT	 134.820   55.000  115.372	 0.921  0.000  0.391	0.3418 0.9961
VT	 134.820   55.000  115.372	 0.000  1.000 -0.000	0.7129 0.7129
VT	 102.604    0.000  101.696	-0.391  0.000  0.921	0.0039 0.3486
VT	 102.604    0.000  101.696	-0.921  0.000 -0.391	0.3428 0.3457
VT	 102.604   55.000  101.696	-0.391  0.000  0.921	0.0039 0.9971
VT	 102.604   55.000  101.696	-0.921  0.000 -0.391	0.3428 0.9971
VT	 102.604   55.000  101.696	 0.000  1.000 -0.000	0.8604 0.7129
VT	 117.452    0.000   66.720	-0.921  0.000 -0.391	0.7070 0.3457
VT	 117.452   55.000   66.720	-0.921  0.000 -0.391	0.7061 0.9961
VT	 117.452   55.000   66.720	 0.000  1.000 -0.000	0.8604 0.8818
VT	 149.668    0.000   80.392	 0.921  0.000  0.391	0.7070 0.3447
VT	 149.668   55.000   80.392	 0.921  0.000  0.391	0.7070 0.9951
VT	 149.668   55.000   80.392	 0.000  1.000 -0.000	0.7129 0.8818
VT	 124.156   54.996   72.364	-0.921  0.000 -0.391	0.7139 0.8867
VT	 124.156   54.996   72.364	 0.391  0.000 -0.921	0.8926 0.9453
VT	 113.608   54.996   97.216	-0.921  0.000 -0.391	0.8926 0.8867
VT	 113.608   54.996   97.216	-0.391  0.000  0.921	0.7139 0.9453
VT	 124.156   58.008   72.364	-0.921  0.000 -0.391	0.7139 0.9385
VT	 124.156   58.008   72.364	 0.391  0.000 -0.921	0.8926 0.9971
VT	 124.156   58.008   72.364	 0.000  1.000 -0.000	0.7490 0.8604
VT	 113.608   58.008   97.216	-0.921  0.000 -0.391	0.8926 0.9385
VT	 113.608   58.008   97.216	-0.391  0.000  0.921	0.7139 0.9971
VT	 113.608   58.008   97.216	 0.000  1.000 -0.000	0.7490 0.7500
VT	 130.176   54.996  104.248	-0.391  0.000  0.921	0.8916 0.9453
VT	 130.176   54.996  104.248	 0.921  0.000  0.391	0.7139 0.8867
VT	 130.176   58.008  104.248	-0.391  0.000  0.921	0.8916 0.9971
VT	 130.176   58.008  104.248	 0.000  1.000 -0.000	0.8213 0.7500
VT	 130.176   58.008  104.248	 0.921  0.000  0.391	0.7139 0.9385
VT	 140.728   54.996   79.396	 0.391  0.000 -0.921	0.7139 0.9453
VT	 140.728   54.996   79.396	 0.921  0.000  0.391	0.8916 0.8867
VT	 140.728   58.008   79.396	 0.391  0.000 -0.921	0.7139 0.9971
VT	 140.728   58.008   79.396	 0.000  1.000 -0.000	0.8213 0.8604
VT	 140.728   58.008   79.396	 0.921  0.000  0.391	0.8916 0.9385
VT	 163.344    0.000   73.428	-0.921  0.000 -0.391	0.0059 0.2500
VT	 163.344    0.000   73.428	 0.391  0.000 -0.921	0.5000 0.2705
VT	 142.636    0.000  122.212	-0.921  0.000 -0.391	0.3926 0.2500
VT	 142.636    0.000  122.212	-0.391  0.000  0.921	0.3984 0.2705
VT	 163.344   10.000   73.428	-0.921  0.000 -0.391	0.0059 0.3398
VT	 163.344   10.000   73.428	 0.391  0.000 -0.921	0.5000 0.3389
VT	 163.344   10.000   73.428	 0.000  1.000 -0.000	0.7129 0.7090
VT	 142.636   10.000  122.212	-0.921  0.000 -0.391	0.3926 0.3389
VT	 142.636   10.000  122.212	-0.391  0.000  0.921	0.3984 0.3389
VT	 142.636   10.000  122.212	 0.000  1.000 -0.000	0.7129 0.4893
VT	 182.676    0.000   81.632	 0.391  0.000 -0.921	0.3984 0.2705
VT	 182.676    0.000   81.632	 0.921  0.000  0.391	0.3926 0.2500
VT	 182.676   10.000   81.632	 0.391  0.000 -0.921	0.3984 0.3389
VT	 182.676   10.000   81.632	 0.000  1.000 -0.000	0.7988 0.7090
VT	 182.676   10.000   81.632	 0.921  0.000  0.391	0.3926 0.3398
VT	 161.968    0.000  130.420	-0.391  0.000  0.921	0.5000 0.2705
VT	 161.968    0.000  130.420	 0.921  0.000  0.391	0.0059 0.2500
VT	 161.968   10.000  130.420	-0.391  0.000  0.921	0.5000 0.3389
VT	 161.968   10.000  130.420	 0.000  1.000 -0.000	0.7988 0.4893
VT	 161.968   10.000  130.420	 0.921  0.000  0.391	0.0059 0.3398
VT	 186.300    7.492   96.900	-0.231  0.968 -0.103	0.8047 0.5430
VT	 186.300    7.492   96.900	 0.091  0.976 -0.195	0.8340 0.6641
VT	 176.392    7.492  119.156	-0.231  0.968 -0.103	0.9717 0.5430
VT	 176.392    7.492  119.156	-0.092  0.976  0.197	0.8340 0.6641
VT	 189.512    9.464  108.256	-0.231  0.968 -0.103	0.8633 0.6582
VT	 189.512    9.464  108.256	 0.000  1.000 -0.000	0.8418 0.6133
VT	 189.512    9.464  108.256	 0.091  0.976 -0.195	0.9092 0.7744
VT	 186.944    9.464  114.024	-0.231  0.968 -0.103	0.9219 0.6582
VT	 186.944    9.464  114.024	-0.092  0.976  0.197	0.9082 0.7764
VT	 186.944    9.464  114.024	 0.000  1.000 -0.000	0.8418 0.5957
VT	 189.600    9.464  108.300	 0.000  1.000 -0.000	0.8574 0.6133
VT	 189.600    9.464  108.300	 0.091  0.976 -0.195	0.9141 0.7744
VT	 189.600    9.464  108.300	 0.230  0.968  0.103	0.9209 0.6592
VT	 187.032    9.464  114.068	-0.092  0.976  0.197	0.9131 0.7764
VT	 187.032    9.464  114.068	 0.000  1.000 -0.000	0.8574 0.5947
VT	 187.032    9.464  114.068	 0.230  0.968  0.103	0.8633 0.6592
VT	 200.208    7.492  103.092	 0.091  0.976 -0.195	0.9922 0.6641
VT	 200.208    7.492  103.092	 0.230  0.968  0.103	0.9707 0.5439
VT	 190.300    7.492  125.348	-0.092  0.976  0.197	0.9922 0.6641
VT	 190.300    7.492  125.348	 0.230  0.968  0.103	0.8057 0.5439
VT	  63.080    8.660   46.952	 0.000  1.000 -0.000	0.5850 0.1426
VT	  65.872    8.660   40.536	 0.000  1.000 -0.000	0.5869 0.1836
VT	 107.100    8.660   58.492	 0.000  1.000 -0.000	0.7900 0.1709
VT	 104.308    8.660   64.912	 0.000  1.000 -0.000	0.7891 0.1309
VT	  63.740   22.676   42.696	 0.000 -1.000 -0.000	0.8750 0.1406
VT	  63.740   27.816   42.696	 0.000  1.000 -0.000	0.1504 0.0029
VT	  64.816   22.676   40.228	 0.000 -1.000 -0.000	0.8750 0.1631
VT	  64.816   27.816   40.228	 0.000  1.000 -0.000	0.1504 0.0371
VT	 106.936   22.676   61.552	 0.000 -1.000 -0.000	0.8389 0.1406
VT	 106.936   27.816   61.552	 0.000  1.000 -0.000	0.4512 0.0029
VT	 108.012   22.676   59.084	 0.000 -1.000 -0.000	0.8389 0.1631
VT	 108.012   27.816   59.084	 0.000  1.000 -0.000	0.4512 0.0371
VT	  60.620    0.000   20.656	 0.387  0.000 -0.922	0.0439 0.0410
VT	  60.620    3.000   20.656	 0.000  1.000 -0.000	0.5176 0.2607
VT	  60.620    3.000   20.656	 0.387  0.000 -0.922	0.0439 0.0625
VT	  43.124    0.000   62.944	-0.387  0.000  0.922	0.1367 0.0410
VT	  43.124    3.000   62.944	-0.387  0.000  0.922	0.1367 0.0625
VT	  43.124    3.000   62.944	 0.000  1.000 -0.000	0.5176 0.0010
VT	 134.916    0.000   51.820	 0.387  0.000 -0.922	0.4473 0.0410
VT	 134.916    0.000   51.820	 0.924  0.000  0.382	0.4834 0.0410
VT	 134.916    3.000   51.820	 0.000  1.000 -0.000	0.9609 0.2607
VT	 134.916    3.000   51.820	 0.387  0.000 -0.922	0.4473 0.0625
VT	 134.916    3.000   51.820	 0.924  0.000  0.382	0.4834 0.0625
VT	 117.420    0.000   94.108	-0.387  0.000  0.922	0.5137 0.0410
VT	 117.420    0.000   94.108	 0.924  0.000  0.382	0.0000 0.0410
VT	 117.420    3.000   94.108	-0.387  0.000  0.922	0.5137 0.0625
VT	 117.420    3.000   94.108	 0.000  1.000 -0.000	0.9619 0.0010
VT	 117.420    3.000   94.108	 0.924  0.000  0.382	0.0000 0.0625
VT	  73.748    2.972   63.568	-0.917  0.000 -0.399	0.2568 0.1260
VT	  73.748    2.972   63.568	-0.399  0.000  0.917	0.0059 0.1260
VT	  73.748    5.472   63.568	-0.917  0.000 -0.399	0.2568 0.2461
VT	  73.748    5.472   63.568	-0.399  0.000  0.917	0.0059 0.2461
VT	  73.748    5.472   63.568	 0.000  1.000 -0.000	0.6738 0.0664
VT	  78.136    2.972   53.480	-0.917  0.000 -0.399	0.5059 0.1260
VT	  78.136    5.472   53.480	-0.917  0.000 -0.399	0.5059 0.2461
VT	  78.136    5.472   53.480	 0.000  1.000 -0.000	0.6738 0.1367
VT	  80.168    2.972   66.360	-0.399  0.000  0.917	0.2549 0.1260
VT	  80.168    2.972   66.360	 0.917  0.000  0.399	0.2568 0.1260
VT	  80.168    5.472   66.360	-0.399  0.000  0.917	0.2549 0.2461
VT	  80.168    5.472   66.360	 0.000  1.000 -0.000	0.7148 0.0664
VT	  80.168    5.472   66.360	 0.917  0.000  0.399	0.2568 0.2461
VT	  84.556    2.972   56.272	 0.917  0.000  0.399	0.5059 0.1260
VT	  84.556    5.472   56.272	 0.000  1.000 -0.000	0.7148 0.1367
VT	  84.556    5.472   56.272	 0.917  0.000  0.399	0.5059 0.2461
VT	  62.176    2.972   59.480	-0.924  0.000 -0.383	0.8906 0.3711
VT	  62.176    2.972   59.480	 0.383  0.000 -0.924	0.8838 0.3701
VT	  62.176    5.472   59.480	-0.924  0.000 -0.383	0.8906 0.4004
VT	  62.176    5.472   59.480	 0.383  0.000 -0.924	0.8838 0.4004
VT	  62.176    5.472   59.480	 0.000  1.000 -0.000	0.0107 0.0625
VT	  60.072    2.972   64.564	-0.924  0.000 -0.383	0.9365 0.3711
VT	  60.072    2.972   64.564	-0.383  0.000  0.924	0.7969 0.3701
VT	  60.072    5.472   64.564	-0.924  0.000 -0.383	0.9365 0.4004
VT	  60.072    5.472   64.564	-0.383  0.000  0.924	0.7969 0.4004
VT	  60.072    5.472   64.564	 0.000  1.000 -0.000	0.0107 0.0068
VT	  68.384    2.972   68.008	-0.383  0.000  0.924	0.8838 0.3701
VT	  68.384    2.972   68.008	 0.924  0.000  0.383	0.8906 0.3701
VT	  68.384    5.472   68.008	-0.383  0.000  0.924	0.8838 0.4004
VT	  68.384    5.472   68.008	 0.000  1.000 -0.000	0.1328 0.0068
VT	  68.384    5.472   68.008	 0.924  0.000  0.383	0.8906 0.4004
VT	  70.492    2.972   62.924	 0.383  0.000 -0.924	0.7969 0.3701
VT	  70.492    2.972   62.924	 0.924  0.000  0.383	0.9365 0.3701
VT	  70.492    5.472   62.924	 0.383  0.000 -0.924	0.7969 0.4004
VT	  70.492    5.472   62.924	 0.000  1.000 -0.000	0.1328 0.0625
VT	  70.492    5.472   62.924	 0.924  0.000  0.383	0.9365 0.4004
VT	  69.812    1.796   94.856	-0.920  0.000 -0.391	0.7178 0.3525
VT	  69.812    1.796   94.856	 0.000 -1.000 -0.000	1.0000 0.3643
VT	  69.812    1.796   94.856	 0.391  0.000 -0.921	0.7657 0.3525
VT	  69.812    2.200   94.856	-0.920  0.000 -0.391	0.7178 0.3604
VT	  69.812    2.200   94.856	 0.391  0.000 -0.921	0.7657 0.3604
VT	  69.812    2.200   94.856	 0.000  1.000 -0.000	0.7148 0.3653
VT	  68.836    1.796   97.160	-0.920  0.000 -0.391	0.7442 0.3525
VT	  68.836    1.796   97.160	 0.000 -1.000 -0.000	1.0000 0.3496
VT	  68.836    1.796   97.160	-0.391  0.000  0.921	0.7432 0.3555
VT	  68.836    2.200   97.160	-0.920  0.000 -0.391	0.7442 0.3604
VT	  68.836    2.200   97.160	-0.391  0.000  0.921	0.7432 0.3633
VT	  68.836    2.200   97.160	 0.000  1.000 -0.000	0.7148 0.3467
VT	 123.144    1.796  120.212	 0.000 -1.000 -0.000	0.7168 0.3496
VT	 123.144    1.796  120.212	-0.391  0.000  0.921	0.7891 0.3555
VT	 123.144    1.796  120.212	 0.921  0.000  0.391	0.7246 0.3506
VT	 123.144    2.200  120.212	-0.391  0.000  0.921	0.7891 0.3633
VT	 123.144    2.200  120.212	 0.000  1.000 -0.000	1.0000 0.3467
VT	 123.144    2.200  120.212	 0.921  0.000  0.391	0.7246 0.3633
VT	 124.124    1.796  117.912	 0.000 -1.000 -0.000	0.7168 0.3643
VT	 124.124    1.796  117.912	 0.391  0.000 -0.921	0.7393 0.3525
VT	 124.124    1.796  117.912	 0.921  0.000  0.391	0.7667 0.3506
VT	 124.124    2.200  117.912	 0.391  0.000 -0.921	0.7393 0.3604
VT	 124.124    2.200  117.912	 0.000  1.000 -0.000	1.0000 0.3653
VT	 124.124    2.200  117.912	 0.921  0.000  0.391	0.7667 0.3633
VT	  75.416   22.676   15.772	 0.000 -1.000  0.000	0.8750 0.1406
VT	  75.416   27.816   15.772	 0.000  1.000 -0.000	0.1504 0.0029
VT	  76.468   22.676   16.240	 0.000 -1.000  0.000	0.8750 0.1631
VT	  76.468   27.816   16.240	 0.000  1.000 -0.000	0.1504 0.0371
VT	  63.744   22.676   42.652	 0.000 -1.000  0.000	0.8389 0.1406
VT	  63.744   27.816   42.652	 0.000  1.000 -0.000	0.4512 0.0029
VT	  64.800   22.676   43.124	 0.000 -1.000  0.000	0.8389 0.1631
VT	  64.800   27.816   43.124	 0.000  1.000 -0.000	0.4512 0.0371
VT	 107.012   22.676   61.532	 0.000 -1.000 -0.000	0.8750 0.1406
VT	 107.012   27.816   61.532	 0.000  1.000 -0.000	0.1504 0.0029
VT	 105.960   22.676   61.060	 0.000 -1.000 -0.000	0.8750 0.1631
VT	 105.960   27.816   61.060	 0.000  1.000 -0.000	0.1504 0.0371
VT	 118.696   22.676   34.636	 0.000 -1.000 -0.000	0.8389 0.1406
VT	 118.696   27.816   34.636	 0.000  1.000 -0.000	0.4512 0.0029
VT	 117.644   22.676   34.164	 0.000 -1.000 -0.000	0.8389 0.1631
VT	 117.644   27.816   34.164	 0.000  1.000 -0.000	0.4512 0.0371
VT	 118.700   22.676   34.596	-0.000 -1.000 -0.000	0.8750 0.1406
VT	 118.700   27.816   34.596	 0.000  1.000 -0.000	0.1504 0.0029
VT	 117.624   22.676   37.064	-0.000 -1.000 -0.000	0.8750 0.1631
VT	 117.624   27.816   37.064	 0.000  1.000 -0.000	0.1504 0.0371
VT	  75.504   22.676   15.732	-0.000 -1.000 -0.000	0.8389 0.1406
VT	  75.504   27.816   15.732	 0.000  1.000 -0.000	0.4512 0.0029
VT	  74.428   22.676   18.200	-0.000 -1.000 -0.000	0.8389 0.1631
VT	  74.428   27.816   18.200	 0.000  1.000 -0.000	0.4512 0.0371
VT	 148.404    0.000   83.304	 0.391  0.000 -0.921	0.9834 0.8906
VT	 148.404    7.500   83.304	 0.391  0.000 -0.921	0.9834 0.9902
VT	 148.404    7.500   83.304	 0.000  1.000 -0.000	0.9629 0.7754
VT	 146.452    0.000   87.908	-0.391  0.000  0.921	0.9072 0.8906
VT	 146.452    7.500   87.908	-0.391  0.000  0.921	0.9072 0.9902
VT	 146.452    7.500   87.908	 0.000  1.000 -0.000	0.9629 0.7295
VT	 157.608    0.000   87.212	 0.391  0.000 -0.921	0.9072 0.8906
VT	 157.608    7.500   87.212	 0.391  0.000 -0.921	0.9072 0.9902
VT	 157.608    7.500   87.212	 0.000  1.000 -0.000	0.9873 0.7754
VT	 155.656    0.000   91.816	-0.391  0.000  0.921	0.9834 0.8906
VT	 155.656    7.500   91.816	-0.391  0.000  0.921	0.9834 0.9902
VT	 155.656    7.500   91.816	 0.000  1.000 -0.000	0.9873 0.7295
VT	 100.628    0.000  101.464	-0.921  0.000 -0.391	0.7139 0.3740
VT	 100.628    0.000  101.464	 0.391  0.000 -0.921	0.7725 0.3818
VT	  98.284    0.000  106.988	-0.921  0.000 -0.391	0.7891 0.3740
VT	  98.284    0.000  106.988	-0.391  0.000  0.921	0.7129 0.4043
VT	 100.628    3.500  101.464	-0.921  0.000 -0.391	0.7139 0.4023
VT	 100.628    3.500  101.464	 0.391  0.000 -0.921	0.7725 0.3945
VT	 100.628    3.500  101.464	 0.000  1.000 -0.000	0.6885 0.3359
VT	  98.284    3.500  106.988	-0.921  0.000 -0.391	0.7891 0.4023
VT	  98.284    3.500  106.988	-0.391  0.000  0.921	0.7129 0.4326
VT	  98.284    3.500  106.988	 0.000  1.000 -0.000	0.6885 0.2910
VT	 139.288    0.000  117.876	 0.391  0.000 -0.921	0.7324 0.3818
VT	 139.288    0.000  117.876	 0.921  0.000  0.391	0.7891 0.3740
VT	 136.944    0.000  123.400	-0.391  0.000  0.921	0.9492 0.4043
VT	 136.944    0.000  123.400	 0.921  0.000  0.391	0.7139 0.3740
VT	 139.288    3.500  117.876	 0.391  0.000 -0.921	0.7324 0.3945
VT	 139.288    3.500  117.876	 0.000  1.000 -0.000	0.9238 0.3359
VT	 139.288    3.500  117.876	 0.921  0.000  0.391	0.7891 0.4023
VT	 136.944    3.500  123.400	-0.391  0.000  0.921	0.9492 0.4326
VT	 136.944    3.500  123.400	 0.000  1.000 -0.000	0.9238 0.2910
VT	 136.944    3.500  123.400	 0.921  0.000  0.391	0.7139 0.4023
VT	  75.228    0.000   81.992	-0.921  0.000 -0.391	0.7383 0.3486
VT	  75.228    0.000   81.992	 0.391  0.000 -0.921	0.8643 0.3486
VT	  75.228    2.500   81.992	-0.921  0.000 -0.391	0.7383 0.3652
VT	  75.228    2.500   81.992	 0.391  0.000 -0.921	0.8643 0.3652
VT	  75.228    2.500   81.992	 0.000  1.000 -0.000	0.5078 0.3359
VT	  69.760    0.000   94.880	-0.921  0.000 -0.391	0.8057 0.3486
VT	  69.760    0.000   94.880	-0.391  0.000  0.921	0.5088 0.2617
VT	  69.760    2.500   94.880	-0.921  0.000 -0.391	0.8057 0.3652
VT	  69.760    2.500   94.880	-0.391  0.000  0.921	0.5088 0.2842
VT	  69.760    2.500   94.880	 0.000  1.000 -0.000	0.5078 0.2891
VT	  98.292    0.000  106.992	-0.391  0.000  0.921	0.8613 0.2617
VT	  98.292    0.000  106.992	 0.920  0.000  0.391	0.7266 0.3506
VT	  98.292    2.500  106.992	-0.391  0.000  0.921	0.8613 0.2842
VT	  98.292    2.500  106.992	 0.000  1.000 -0.000	0.6670 0.2891
VT	  98.292    2.500  106.992	 0.920  0.000  0.391	0.7266 0.3613
VT	 103.764    0.000   94.104	 0.391  0.000 -0.921	0.7227 0.3486
VT	 103.764    0.000   94.104	 0.920  0.000  0.391	0.8154 0.3506
VT	 103.764    2.500   94.104	 0.391  0.000 -0.921	0.7227 0.3652
VT	 103.764    2.500   94.104	 0.000  1.000 -0.000	0.6670 0.3359
VT	 103.764    2.500   94.104	 0.920  0.000  0.391	0.8154 0.3613

IDX10	1 8 8 1 1 8 14 7 4 11
IDX10	14 4 0 0 3 5 0 3 15 12
IDX10	10 10 15 10 13 9 2 6 13 2
IDX10	17 19 16 19 18 16 27 34 32 25
IDX10	27 32 30 23 21 28 30 21 26 24
IDX10	20 22 26 20 31 29 33 35 31 33
IDX10	45 48 40 48 51 40 43 38 41 38
IDX10	36 41 46 47 42 47 44 42 37 39
IDX10	49 39 50 49 59 54 52 60 64 62
IDX10	55 60 62 69 57 53 67 69 53 56
IDX10	59 52 71 68 63 66 71 63 70 65
IDX10	61 58 70 61 78 85 81 85 90 81
IDX10	91 86 88 80 89 87 75 80 87 86
IDX10	83 88 84 77 73 82 84 73 79 74
IDX10	72 76 79 72 97 102 101 102 106 101
IDX10	107 104 111 104 109 111 96 99 92 99
IDX10	94 92 108 103 93 103 98 93 95 100
IDX10	110 100 105 110 114 115 112 113 114 112
IDX10	116 120 118 120 122 118 119 123 117 123
IDX10	121 117 128 137 135 127 128 135 133 126
IDX10	124 130 133 124 134 131 136 139 134 136
IDX10	132 138 129 125 132 129 143 150 148 141
IDX10	143 148 142 140 145 146 142 145 155 153
IDX10	149 152 155 149 154 151 144 147 154 144
IDX10	164 168 166 162 164 166 173 159 157 171
IDX10	173 157 163 161 156 158 163 156 175 172
IDX10	167 170 175 167 174 169 165 160 174 165
IDX10	186 191 189 184 186 189 197 180 178 195
IDX10	197 178 185 182 176 179 185 176 199 196
IDX10	190 193 199 190 198 192 187 181 198 187
IDX10	188 194 177 183 188 177 200 204 202 204
IDX10	206 202 203 207 201 207 205 201 208 212
IDX10	210 212 214 210 211 215 209 215 213 209
IDX10	216 220 218 220 222 218 219 223 217 223
IDX10	221 217 232 235 229 230 231 224 231 225
IDX10	224 227 228 233 228 234 233 226 232 229
IDX10	244 253 248 239 244 248 250 241 237 246
IDX10	250 237 243 238 236 240 243 236 252 247
IDX10	249 255 252 249 251 254 245 242 251 245
IDX10	264 268 266 262 264 266 273 259 257 271
IDX10	273 257 263 261 256 258 263 256 275 272
IDX10	267 270 275 267 274 269 265 260 274 265

ATTR_no_blend

TRIS	0 420
