[HSL_Aircraft]
winch_position_1=-0.9200000166893005
winch_position_2=0.6177679896354675
winch_position_3=-1.58897602558136
