I
800
OBJ

TEXTURE ../../obj_texture/066740e2c18f69fd2f3da4542721246f/d90d5ec62de5b29a4c60fdb8d8597391.dds

POINT_COUNTS 50 0 0 90


VT 27.962522 1.007970 23.091144 0.662660 0.662660 0.348948 -12.304716 -4.184865
VT 27.962522 1.007970 23.091144 0.706930 0.706930 -0.022343 -12.304716 0.540957
VT 27.962522 1.007970 23.091144 -0.707107 0.707107 0.000000 -7.916648 0.226463
VT 27.408656 2.229591 23.244729 0.662660 0.662660 0.348948 -12.729913 -3.816332
VT 27.238976 13.030554 22.261297 -0.707107 0.707107 0.000000 -7.013611 3.249639
VT 27.238976 13.030554 22.261297 -0.707107 -0.707107 -0.000000 12.304716 3.249639
VT 27.238976 13.030554 22.261297 0.000000 0.000000 1.000000 14.077132 -1.559205
VT 27.166429 9.781572 22.966915 0.707107 -0.707107 -0.000000 7.410732 2.432656
VT 27.408656 2.229591 23.244729 0.707107 -0.707107 -0.000000 7.713049 0.533650
VT 27.166429 9.781572 22.966915 0.694206 0.694206 0.190144 -12.729913 -0.115495
VT 27.166429 9.781572 22.966915 0.707107 0.707107 -0.000000 -3.925805 -24.912428
VT 27.539286 0.107370 22.605727 -0.707107 0.707107 0.000000 -7.388418 0.000000
VT 27.539286 0.107370 22.605727 -0.000000 -0.000000 -1.000000 -14.297456 -1.255992
VT 27.557165 9.781572 22.626233 -0.707107 0.707107 0.000000 -7.410732 2.432656
VT 27.557165 9.781572 22.626233 0.694206 0.694206 0.190144 -12.304716 -0.115495
VT 27.557165 9.781572 22.626233 0.707107 0.707107 -0.000000 -4.226464 -24.611768
VT 27.166429 13.030554 22.966915 0.707107 -0.707107 -0.000000 7.410732 3.249639
VT 27.408656 2.229591 23.244729 0.707100 0.707100 -0.004289 -12.729913 0.592521
VT 27.166429 13.030554 22.966915 0.707107 0.707107 -0.000000 -5.810137 -26.796759
VT 27.166429 13.030554 22.966915 0.000000 0.000000 1.000000 14.654550 -1.487884
VT 26.848241 0.107370 22.601979 0.707107 -0.707107 -0.000000 7.013611 0.000000
VT 26.848241 0.107370 22.601979 -0.000000 -0.000000 -1.000000 -14.421110 -1.809149
VT 26.848241 0.107370 22.601979 -0.707107 -0.707107 -0.000000 12.729913 -0.000000
VT 26.848241 13.030554 22.601979 0.707107 -0.707107 -0.000000 7.013611 3.249639
VT 26.848241 13.030554 22.601979 -0.707107 -0.707107 -0.000000 12.729913 3.249639
VT 26.848241 13.030554 22.601979 0.000000 0.000000 1.000000 14.421110 -1.809149
VT 27.557165 13.030554 22.626233 -0.707107 0.707107 0.000000 -7.410732 3.249639
VT 27.557165 13.030554 22.626233 0.707107 0.707107 -0.000000 -6.110796 -26.496100
VT 27.557165 13.030554 22.626233 0.000000 0.000000 1.000000 14.310573 -1.237940
VT 27.571787 1.007970 23.431827 0.662660 0.662660 0.348948 -12.729913 -4.184865
VT 27.571787 1.007970 23.431827 0.707107 -0.707107 -0.000000 7.916648 0.226463
VT 27.571787 1.007970 23.431827 0.706930 0.706930 -0.022343 -12.729913 0.540957
VT 27.799391 2.229591 22.904046 0.662660 0.662660 0.348948 -12.304716 -3.816332
VT 27.799391 2.229591 22.904046 -0.707107 0.707107 0.000000 -7.713049 0.533650
VT 27.799391 2.229591 22.904046 0.707100 0.707100 -0.004289 -12.304716 0.592521
VT 27.564569 0.107370 23.423548 0.707107 -0.707107 -0.000000 7.907639 0.000000
VT 27.564569 0.107370 23.423548 0.706930 0.706930 -0.022343 -12.729913 0.314315
VT 27.955304 0.107370 23.082866 0.706930 0.706930 -0.022343 -12.304716 0.314315
VT 27.955304 0.107370 23.082866 -0.707107 0.707107 0.000000 -7.907639 0.000000
VT 27.805508 6.206148 22.911062 -0.707107 0.707107 0.000000 -7.720683 1.533587
VT 27.805508 6.206148 22.911062 0.707100 0.707100 -0.004289 -12.304716 1.592488
VT 27.805508 6.206148 22.911062 0.694206 0.694206 0.190144 -12.304716 -1.066492
VT 27.148551 0.107370 22.946409 0.707107 -0.707107 -0.000000 7.388418 0.000000
VT 27.148551 0.107370 22.946409 -0.000000 -0.000000 -1.000000 -14.641433 -1.505936
VT 27.238976 0.107370 22.261297 -0.707107 0.707107 0.000000 -7.013611 0.000000
VT 27.238976 0.107370 22.261297 -0.000000 -0.000000 -1.000000 -14.077132 -1.559205
VT 27.238976 0.107370 22.261297 -0.707107 -0.707107 -0.000000 12.304716 -0.000000
VT 27.414773 6.206148 23.251745 0.707107 -0.707107 -0.000000 7.720683 1.533587
VT 27.414773 6.206148 23.251745 0.707100 0.707100 -0.004289 -12.729913 1.592488
VT 27.414773 6.206148 23.251745 0.694206 0.694206 0.190144 -12.729913 -1.066492

IDX10 29	3	0	32	0	3	30	35	8	1
IDX10 37	31	2	33	38	34	17	40	35	42
IDX10 8	36	31	37	33	44	38	48	40	17
IDX10 39	4	33	7	8	42	11	38	44	4
IDX10 44	33	41	49	14	8	7	47	13	4
IDX10 39	7	42	16	45	21	12	5	24	46
IDX10 9	14	49	26	4	13	16	42	23	10
IDX10 18	15	43	12	21	22	46	24	6	28
IDX10 25	27	15	18	20	23	42	19	25	28

ATTR_reset
ATTR_LOD 0.000000 6000.000000
ATTR_no_blend
ATTR_no_cull
TRIS 0 90
