I
800
OBJ

TEXTURE ../../obj_texture/066740e2c18f69fd2f3da4542721246f/d90d5ec62de5b29a4c60fdb8d8597391.dds

POINT_COUNTS 50 0 0 90


VT 24.508661 1.007970 24.548449 0.662660 0.662660 0.348948 -12.304716 -4.184865
VT 24.508661 1.007970 24.548449 0.706930 0.706930 -0.022343 -12.304716 0.540957
VT 24.508661 1.007970 24.548449 -0.707107 0.707107 0.000000 -7.916648 0.226463
VT 23.952207 2.229591 24.404524 0.662660 0.662660 0.348948 -12.729913 -3.816332
VT 24.296977 13.030554 23.468007 -0.707107 0.707107 0.000000 -7.013611 3.249639
VT 24.296977 13.030554 23.468007 -0.707107 -0.707107 -0.000000 12.304716 3.249639
VT 24.296977 13.030554 23.468007 0.000000 0.000000 1.000000 14.077132 -1.559205
VT 23.881340 9.781572 24.042816 0.707107 -0.707107 -0.000000 7.410732 2.432656
VT 23.952207 2.229591 24.404524 0.707107 -0.707107 -0.000000 7.713049 0.533650
VT 23.881340 9.781572 24.042816 0.694206 0.694206 0.190144 -12.729913 -0.115495
VT 23.881340 9.781572 24.042816 0.707107 0.707107 -0.000000 -3.925805 -24.912428
VT 24.384837 0.107370 23.916447 -0.707107 0.707107 0.000000 -7.388418 0.000000
VT 24.384837 0.107370 23.916447 -0.000000 -0.000000 -1.000000 -14.297456 -1.255992
VT 24.390068 9.781572 23.943145 -0.707107 0.707107 0.000000 -7.410732 2.432656
VT 24.390068 9.781572 23.943145 0.694206 0.694206 0.190144 -12.304716 -0.115495
VT 24.390068 9.781572 23.943145 0.707107 0.707107 -0.000000 -4.226464 -24.611768
VT 23.881340 13.030554 24.042816 0.707107 -0.707107 -0.000000 7.410732 3.249639
VT 23.952207 2.229591 24.404524 0.707100 0.707100 -0.004289 -12.729913 0.592521
VT 23.881340 13.030554 24.042816 0.707107 0.707107 -0.000000 -5.810137 -26.796759
VT 23.881340 13.030554 24.042816 0.000000 0.000000 1.000000 14.654550 -1.487884
VT 23.788249 0.107370 23.567680 0.707107 -0.707107 -0.000000 7.013611 0.000000
VT 23.788249 0.107370 23.567680 -0.000000 -0.000000 -1.000000 -14.421110 -1.809149
VT 23.788249 0.107370 23.567680 -0.707107 -0.707107 -0.000000 12.729913 -0.000000
VT 23.788249 13.030554 23.567680 0.707107 -0.707107 -0.000000 7.013611 3.249639
VT 23.788249 13.030554 23.567680 -0.707107 -0.707107 -0.000000 12.729913 3.249639
VT 23.788249 13.030554 23.567680 0.000000 0.000000 1.000000 14.421110 -1.809149
VT 24.390068 13.030554 23.943145 -0.707107 0.707107 0.000000 -7.410732 3.249639
VT 24.390068 13.030554 23.943145 0.707107 0.707107 -0.000000 -6.110796 -26.496100
VT 24.390068 13.030554 23.943145 0.000000 0.000000 1.000000 14.310573 -1.237940
VT 23.999933 1.007970 24.648120 0.662660 0.662660 0.348948 -12.729913 -4.184865
VT 23.999933 1.007970 24.648120 0.707107 -0.707107 -0.000000 7.916648 0.226463
VT 23.999933 1.007970 24.648120 0.706930 0.706930 -0.022343 -12.729913 0.540957
VT 24.460935 2.229591 24.304851 0.662660 0.662660 0.348948 -12.304716 -3.816332
VT 24.460935 2.229591 24.304851 -0.707107 0.707107 0.000000 -7.713049 0.533650
VT 24.460935 2.229591 24.304851 0.707100 0.707100 -0.004289 -12.304716 0.592521
VT 23.997821 0.107370 24.637341 0.707107 -0.707107 -0.000000 7.907639 0.000000
VT 23.997821 0.107370 24.637341 0.706930 0.706930 -0.022343 -12.729913 0.314315
VT 24.506550 0.107370 24.537669 0.706930 0.706930 -0.022343 -12.304716 0.314315
VT 24.506550 0.107370 24.537669 -0.707107 0.707107 0.000000 -7.907639 0.000000
VT 24.462724 6.206148 24.313986 -0.707107 0.707107 0.000000 -7.720683 1.533587
VT 24.462724 6.206148 24.313986 0.707100 0.707100 -0.004289 -12.304716 1.592488
VT 24.462724 6.206148 24.313986 0.694206 0.694206 0.190144 -12.304716 -1.066492
VT 23.876109 0.107370 24.016118 0.707107 -0.707107 -0.000000 7.388418 0.000000
VT 23.876109 0.107370 24.016118 -0.000000 -0.000000 -1.000000 -14.641433 -1.505936
VT 24.296977 0.107370 23.468007 -0.707107 0.707107 0.000000 -7.013611 0.000000
VT 24.296977 0.107370 23.468007 -0.000000 -0.000000 -1.000000 -14.077132 -1.559205
VT 24.296977 0.107370 23.468007 -0.707107 -0.707107 -0.000000 12.304716 -0.000000
VT 23.953996 6.206148 24.413657 0.707107 -0.707107 -0.000000 7.720683 1.533587
VT 23.953996 6.206148 24.413657 0.707100 0.707100 -0.004289 -12.729913 1.592488
VT 23.953996 6.206148 24.413657 0.694206 0.694206 0.190144 -12.729913 -1.066492

IDX10 29	3	0	32	0	3	30	35	8	1
IDX10 37	31	2	33	38	34	17	40	35	42
IDX10 8	36	31	37	33	44	38	48	40	17
IDX10 39	4	33	7	8	42	11	38	44	4
IDX10 44	33	41	49	14	8	7	47	13	4
IDX10 39	7	42	16	45	21	12	5	24	46
IDX10 9	14	49	26	4	13	16	42	23	10
IDX10 18	15	43	12	21	22	46	24	6	28
IDX10 25	27	15	18	20	23	42	19	25	28

ATTR_reset
ATTR_LOD 0.000000 6000.000000
ATTR_no_blend
ATTR_no_cull
TRIS 0 90
