[HSL_Aircraft]
winch_position_1=-0.8600000143051147
winch_position_2=0.7900000214576721
winch_position_3=-0.940000057220459
