[HSL_Aircraft]
winch_position_1=-0.9100000262260437
winch_position_2=0.8500000238418579
winch_position_3=-0.8899999856948853
