I
800
OBJ

TEXTURE ../../obj_texture/066740e2c18f69fd2f3da4542721246f/d90d5ec62de5b29a4c60fdb8d8597391.dds

POINT_COUNTS 50 0 0 90


VT 30.174957 1.007970 15.134529 0.662660 0.662660 0.348948 -12.304716 -4.184865
VT 30.174957 1.007970 15.134529 0.706930 0.706930 -0.022343 -12.304716 0.540957
VT 30.174957 1.007970 15.134529 -0.707107 0.707107 0.000000 -7.916648 0.226463
VT 30.179956 2.229591 15.709272 0.662660 0.662660 0.348948 -12.729913 -3.816332
VT 29.186118 13.030554 15.618639 -0.707107 0.707107 0.000000 -7.013611 3.249639
VT 29.186118 13.030554 15.618639 -0.707107 -0.707107 -0.000000 12.304716 3.249639
VT 29.186118 13.030554 15.618639 0.000000 0.000000 1.000000 14.077132 -1.559205
VT 29.848916 9.781572 15.871342 0.707107 -0.707107 -0.000000 7.410732 2.432656
VT 30.179956 2.229591 15.709272 0.707107 -0.707107 -0.000000 7.713049 0.533650
VT 29.848916 9.781572 15.871342 0.694206 0.694206 0.190144 -12.729913 -0.115495
VT 29.848916 9.781572 15.871342 0.707107 0.707107 -0.000000 -3.925805 -24.912428
VT 29.596537 0.107370 15.417708 -0.707107 0.707107 0.000000 -7.388418 0.000000
VT 29.596537 0.107370 15.417708 -0.000000 -0.000000 -1.000000 -14.297456 -1.255992
VT 29.620971 9.781572 15.405746 -0.707107 0.707107 0.000000 -7.410732 2.432656
VT 29.620971 9.781572 15.405746 0.694206 0.694206 0.190144 -12.304716 -0.115495
VT 29.620971 9.781572 15.405746 0.707107 0.707107 -0.000000 -4.226464 -24.611768
VT 29.848916 13.030554 15.871342 0.707107 -0.707107 -0.000000 7.410732 3.249639
VT 30.179956 2.229591 15.709272 0.707100 0.707100 -0.004289 -12.729913 0.592521
VT 29.848916 13.030554 15.871342 0.707107 0.707107 -0.000000 -5.810137 -26.796759
VT 29.848916 13.030554 15.871342 0.000000 0.000000 1.000000 14.654550 -1.487884
VT 29.414062 0.107370 16.084236 0.707107 -0.707107 -0.000000 7.013611 0.000000
VT 29.414062 0.107370 16.084236 -0.000000 -0.000000 -1.000000 -14.421110 -1.809149
VT 29.414062 0.107370 16.084236 -0.707107 -0.707107 -0.000000 12.729913 -0.000000
VT 29.414062 13.030554 16.084236 0.707107 -0.707107 -0.000000 7.013611 3.249639
VT 29.414062 13.030554 16.084236 -0.707107 -0.707107 -0.000000 12.729913 3.249639
VT 29.414062 13.030554 16.084236 0.000000 0.000000 1.000000 14.421110 -1.809149
VT 29.620971 13.030554 15.405746 -0.707107 0.707107 0.000000 -7.410732 3.249639
VT 29.620971 13.030554 15.405746 0.707107 0.707107 -0.000000 -6.110796 -26.496100
VT 29.620971 13.030554 15.405746 0.000000 0.000000 1.000000 14.310573 -1.237940
VT 30.402901 1.007970 15.600125 0.662660 0.662660 0.348948 -12.729913 -4.184865
VT 30.402901 1.007970 15.600125 0.707107 -0.707107 -0.000000 7.916648 0.226463
VT 30.402901 1.007970 15.600125 0.706930 0.706930 -0.022343 -12.729913 0.540957
VT 29.952012 2.229591 15.243676 0.662660 0.662660 0.348948 -12.304716 -3.816332
VT 29.952012 2.229591 15.243676 -0.707107 0.707107 0.000000 -7.713049 0.533650
VT 29.952012 2.229591 15.243676 0.707100 0.707100 -0.004289 -12.304716 0.592521
VT 30.393036 0.107370 15.604954 0.707107 -0.707107 -0.000000 7.907639 0.000000
VT 30.393036 0.107370 15.604954 0.706930 0.706930 -0.022343 -12.729913 0.314315
VT 30.165092 0.107370 15.139358 0.706930 0.706930 -0.022343 -12.304716 0.314315
VT 30.165092 0.107370 15.139358 -0.707107 0.707107 0.000000 -7.907639 0.000000
VT 29.960371 6.206148 15.239584 -0.707107 0.707107 0.000000 -7.720683 1.533587
VT 29.960371 6.206148 15.239584 0.707100 0.707100 -0.004289 -12.304716 1.592488
VT 29.960371 6.206148 15.239584 0.694206 0.694206 0.190144 -12.304716 -1.066492
VT 29.824482 0.107370 15.883305 0.707107 -0.707107 -0.000000 7.388418 0.000000
VT 29.824482 0.107370 15.883305 -0.000000 -0.000000 -1.000000 -14.641433 -1.505936
VT 29.186118 0.107370 15.618639 -0.707107 0.707107 0.000000 -7.013611 0.000000
VT 29.186118 0.107370 15.618639 -0.000000 -0.000000 -1.000000 -14.077132 -1.559205
VT 29.186118 0.107370 15.618639 -0.707107 -0.707107 -0.000000 12.304716 -0.000000
VT 30.188316 6.206148 15.705180 0.707107 -0.707107 -0.000000 7.720683 1.533587
VT 30.188316 6.206148 15.705180 0.707100 0.707100 -0.004289 -12.729913 1.592488
VT 30.188316 6.206148 15.705180 0.694206 0.694206 0.190144 -12.729913 -1.066492

IDX10 29	3	0	32	0	3	30	35	8	1
IDX10 37	31	2	33	38	34	17	40	35	42
IDX10 8	36	31	37	33	44	38	48	40	17
IDX10 39	4	33	7	8	42	11	38	44	4
IDX10 44	33	41	49	14	8	7	47	13	4
IDX10 39	7	42	16	45	21	12	5	24	46
IDX10 9	14	49	26	4	13	16	42	23	10
IDX10 18	15	43	12	21	22	46	24	6	28
IDX10 25	27	15	18	20	23	42	19	25	28

ATTR_reset
ATTR_LOD 0.000000 6000.000000
ATTR_no_blend
ATTR_no_cull
TRIS 0 90
